45.00
43.72
42.47
41.27
40.09
38.95
37.84
36.76
35.72
34.70
33.71
32.75
31.82
30.91
30.03
29.18
28.35
27.54
26.76
26.00
25.26
24.54
23.84
23.16
22.50
21.86
21.24
20.63
20.05
19.47
18.92
18.38
17.86
17.35
16.86
16.38
15.91
15.46
15.02
14.59
14.17
13.77
13.38
13.00
12.63
12.27
11.92
11.58
11.25
10.93
10.62
10.32
10.02
9.74
9.46
9.19
8.93
8.67
8.43
8.19
7.95
7.73
7.51
7.29
7.09
6.89
6.69
6.50
6.31
6.13
5.96
5.79
5.62
5.46
5.31
5.16
5.01
4.87
4.73
4.60
4.46
4.34
4.21
4.09
3.98
3.86
3.75
3.65
3.54
3.44
3.34
3.25
3.16
3.07
2.98
2.89
2.81
2.73
2.65
2.58
2.51
2.43
2.37
2.30
2.23
2.17
2.11
2.05
1.99
1.93
1.88
1.82
1.77
1.72
1.67
1.62
1.58
1.53
1.49
1.45
1.41
1.37
1.33
1.29
1.25
1.22
1.18
1.15
1.12
1.08
1.05
1.02
