4.500000000000000000e+01
4.435484313964843750e+01
4.371893692016601562e+01
4.309214782714843750e+01
4.247434234619140625e+01
4.186539840698242188e+01
4.126518249511718750e+01
4.067357254028320312e+01
4.009044265747070312e+01
3.951567459106445312e+01
3.894914627075195312e+01
3.839073944091796875e+01
3.784033966064453125e+01
3.729782867431640625e+01
3.676309585571289062e+01
3.623603057861328125e+01
3.571652221679687500e+01
3.520446395874023438e+01
3.469974517822265625e+01
3.420225906372070312e+01
3.371191024780273438e+01
3.322858810424804688e+01
3.275219726562500000e+01
3.228263473510742188e+01
3.181980514526367188e+01
3.136361122131347656e+01
3.091395759582519531e+01
3.047074890136718750e+01
3.003389739990234375e+01
2.960330581665039062e+01
2.917889022827148438e+01
2.876055717468261719e+01
2.834822273254394531e+01
2.794180107116699219e+01
2.754120445251464844e+01
2.714635276794433594e+01
2.675716018676757812e+01
2.637354850769042969e+01
2.599543571472167969e+01
2.562274360656738281e+01
2.525539588928222656e+01
2.489331436157226562e+01
2.453642463684082031e+01
2.418465042114257812e+01
2.383791923522949219e+01
2.349616050720214844e+01
2.315929985046386719e+01
2.282727050781250000e+01
2.250000000000000000e+01
2.217742156982421875e+01
2.185946846008300781e+01
2.154607391357421875e+01
2.123717117309570312e+01
2.093269920349121094e+01
2.063259124755859375e+01
2.033678627014160156e+01
2.004522132873535156e+01
1.975783729553222656e+01
1.947457313537597656e+01
1.919536972045898438e+01
1.892016983032226562e+01
1.864891433715820312e+01
1.838154792785644531e+01
1.811801528930664062e+01
1.785826110839843750e+01
1.760223197937011719e+01
1.734987258911132812e+01
1.710112953186035156e+01
1.685595512390136719e+01
1.661429405212402344e+01
1.637609863281250000e+01
1.614131736755371094e+01
1.590990257263183594e+01
1.568180561065673828e+01
1.545697879791259766e+01
1.523537445068359375e+01
1.501694869995117188e+01
1.480165290832519531e+01
1.458944511413574219e+01
1.438027858734130859e+01
1.417411136627197266e+01
1.397090053558349609e+01
1.377060222625732422e+01
1.357317638397216797e+01
1.337858009338378906e+01
1.318677425384521484e+01
1.299771785736083984e+01
1.281137180328369141e+01
1.262769794464111328e+01
1.244665718078613281e+01
1.226821231842041016e+01
1.209232521057128906e+01
1.191895961761474609e+01
1.174808025360107422e+01
1.157964992523193359e+01
1.141363525390625000e+01
1.125000000000000000e+01
1.108871078491210938e+01
1.092973423004150391e+01
1.077303695678710938e+01
1.061858558654785156e+01
1.046634960174560547e+01
1.031629562377929688e+01
1.016839313507080078e+01
1.002261066436767578e+01
9.878918647766113281e+00
9.737286567687988281e+00
9.597684860229492188e+00
9.460084915161132812e+00
9.324457168579101562e+00
9.190773963928222656e+00
9.059007644653320312e+00
8.929130554199218750e+00
8.801115989685058594e+00
8.674936294555664062e+00
8.550564765930175781e+00
8.427977561950683594e+00
8.307147026062011719e+00
8.188049316406250000e+00
8.070658683776855469e+00
7.954951286315917969e+00
7.840902805328369141e+00
7.728489398956298828e+00
7.617687225341796875e+00
7.508474349975585938e+00
7.400826454162597656e+00
7.294722557067871094e+00
7.190139293670654297e+00
7.087055683135986328e+00
6.985450267791748047e+00
6.885301113128662109e+00
6.786588191986083984e+00
6.689290046691894531e+00
6.593387126922607422e+00
6.498858928680419922e+00
6.405685901641845703e+00
6.313848972320556641e+00
6.223328590393066406e+00
6.134106159210205078e+00
6.046162605285644531e+00
5.959479808807373047e+00
5.874040126800537109e+00
5.789824962615966797e+00
5.706817626953125000e+00
5.625000000000000000e+00
5.544355392456054688e+00
5.464867115020751953e+00
5.386518478393554688e+00
5.309292793273925781e+00
5.233174800872802734e+00
5.158147811889648438e+00
5.084196567535400391e+00
5.011305332183837891e+00
4.939459323883056641e+00
4.868643283843994141e+00
4.798842430114746094e+00
4.730042457580566406e+00
4.662228584289550781e+00
4.595386981964111328e+00
4.529503822326660156e+00
4.464565277099609375e+00
4.400557994842529297e+00
4.337468147277832031e+00
4.275282382965087891e+00
4.213988780975341797e+00
4.153573513031005859e+00
4.094024658203125000e+00
4.035329341888427734e+00
3.977475643157958984e+00
3.920451402664184570e+00
3.864244699478149414e+00
3.808843612670898438e+00
3.754237174987792969e+00
3.700413227081298828e+00
3.647361278533935547e+00
3.595069646835327148e+00
3.543527841567993164e+00
3.492725133895874023e+00
3.442650556564331055e+00
3.393294095993041992e+00
3.344645023345947266e+00
3.296693563461303711e+00
3.249429464340209961e+00
3.202842950820922852e+00
3.156924486160278320e+00
3.111664295196533203e+00
3.067053079605102539e+00
3.023081302642822266e+00
2.979739904403686523e+00
2.937020063400268555e+00
2.894912481307983398e+00
2.853408813476562500e+00
2.812500000000000000e+00
2.772177696228027344e+00
2.732433557510375977e+00
2.693259239196777344e+00
2.654646396636962891e+00
2.616587400436401367e+00
2.579073905944824219e+00
2.542098283767700195e+00
2.505652666091918945e+00
2.469729661941528320e+00
2.434321641921997070e+00
2.399421215057373047e+00
2.365021228790283203e+00
2.331114292144775391e+00
2.297693490982055664e+00
2.264751911163330078e+00
2.232282638549804688e+00
2.200278997421264648e+00
2.168734073638916016e+00
2.137641191482543945e+00
2.106994390487670898e+00
2.076786756515502930e+00
2.047012329101562500e+00
2.017664670944213867e+00
1.988737821578979492e+00
1.960225701332092285e+00
1.932122349739074707e+00
1.904421806335449219e+00
1.877118587493896484e+00
1.850206613540649414e+00
1.823680639266967773e+00
1.797534823417663574e+00
1.771763920783996582e+00
1.746362566947937012e+00
1.721325278282165527e+00
1.696647047996520996e+00
1.672322511672973633e+00
1.648346781730651855e+00
1.624714732170104980e+00
1.601421475410461426e+00
1.578462243080139160e+00
1.555832147598266602e+00
1.533526539802551270e+00
1.511540651321411133e+00
1.489869952201843262e+00
1.468510031700134277e+00
1.447456240653991699e+00
1.426704406738281250e+00
1.406250000000000000e+00
1.386088848114013672e+00
1.366216778755187988e+00
1.346629619598388672e+00
1.327323198318481445e+00
1.308293700218200684e+00
1.289536952972412109e+00
1.271049141883850098e+00
1.252826333045959473e+00
1.234864830970764160e+00
1.217160820960998535e+00
1.199710607528686523e+00
1.182510614395141602e+00
1.165557146072387695e+00
1.148846745491027832e+00
1.132375955581665039e+00
1.116141319274902344e+00
1.100139498710632324e+00
1.084367036819458008e+00
1.068820595741271973e+00
1.053497195243835449e+00
1.038393378257751465e+00
1.023506164550781250e+00
1.008832335472106934e+00
